+20034.5
+20000.5
+41.4457070404696
+31.77305603859431
+490
+20033.5
+19999.5
+0.09150734227721458
+0.121300558231896
+470
+0.002257191491775555
-0.007857852180038885
-1.012323123497579
+0.004720231551732283
+0.0005397161633244322
-2.543270747200491e-06
+1.165506379571359e-06
-0.0007840297165751375
-0.001325102840526652
-2.272663141203304e-07
+2.709654354340393e-07
+1.452024329537278e-07
-2.121991514186681e-05
-4.006565680312457e-07
-3.591312684903495e-05
-0.0001807157512488323
-5.146299683550271e-05
+1.656362974228929e-07
+1.418056015828875e-06
+2.402708362937178e-07
+1
+0.000558046715743275
+0.0009478397760034532
-9.567139632494987e-06
-1.535965815583069e-05
+2.727408431263615e-09
+1.995991831144025e-06
+3.339348158880946e-05
-0.0001029065276010995
+5.081115559869981e-05
+5.659676321688358e-09
-3.012747297259024e-09
-2.305812587357407e-07
+5.583586925394107e-08
-5.192839974231748e-07
-4.203623759114462e-07
-2.034022526810393e-08
+8.366296027346696e-10
+2.011837981267174e-07
-7.369210185065415e-10
+0.001491973284108436
+1.004108597532813
-0.000370811213608097
+0.003392159307161672
-0.0004182882785289203
+0.0003629830364162072
-0.0001862645686944994
-0.001299514497639578
+0.0005007030864153352
+1.860984096875487e-06
+9.275174149458824e-07
-7.554446470132386e-06
-1.012931077703037e-05
-3.516808528005982e-06
+4.87097333258078e-05
+0.0001948062440696631
-3.793781750207248e-08
-1.256663423294015e-06
-3.115997900118438e-06
-1.155149172720164e-08
+1
-0.0001944456491144295
+0.0004209218509043019
-0.0003694675809976368
-1.419716018692114e-05
+5.10279556930771e-07
-1.111558689531343e-07
+2.31568953446324e-06
+3.893873212708723e-06
-3.720490416535501e-06
-5.02586452544313e-08
-6.941691011313645e-08
-5.084999616514339e-07
-3.07462334265515e-09
+1.80650118503661e-07
+9.302618397616189e-07
-3.709188722839538e-09
+6.7129685106317e-09
+1.513541132987454e-08
+2.480519110234307e-09
