         1   30513.3088      1758.7932  41.39897523   31.66293197    180.0400
         2   30396.8000      1760.7000  41.39950717   31.66294476    185.9800
         3   30215.6279      3978.6219  41.40031294   31.67627522    258.8600
         6   29477.8000      4876.4000  41.40341225   31.68184777     38.4900
        14   28049.6859      6887.7178  41.40992591   31.69386441    195.9000
        15   27805.9774      7101.3436  41.41103644   31.69513434    201.6200
        17   27592.7805      8264.2199  41.41196236   31.70213976    219.6600
        18   26917.6000      8525.4000  41.41502163   31.70370656    232.9700
        19   27005.4000      8741.9000  41.41461337   31.70500906    233.1300
        20   26543.8000      8069.7000  41.41665899   31.70101298    172.9300
        21   30453.6957      9740.2955  41.39914173   31.71092701    361.5600
        24   29721.4163      9611.5104  41.40247734   31.71014069    393.5400
        25   27055.8782     10091.5969  41.41435253   31.71314011    247.4400
        26   27219.5898     10896.1864  41.41354589   31.71804564    191.1900
        27   26139.2000     10570.4000  41.41844839   31.71606001    216.2300
        28   26100.1000     13062.1000  41.41855019   31.73107947    237.1100
        30   25024.6746     11284.8279  41.42328229   31.72052019     36.6100
        31   25077.1000     11603.8000  41.42306287   31.72241811     68.1700
        32   25897.4614     11490.8332  41.41936046   31.72174552     47.0400
        33   24147.8000     12474.4000  41.42730076   31.72760577    150.2000
        34   24146.6000     12465.4000  41.42730801   31.72754541    149.6300
        35   24254.3000     12673.8000  41.42683738   31.72879858    173.9900
        37   22945.5000     13009.9000  41.43266489   31.73087288    109.1600
        40   31376.3000     18789.4000  41.39447034   31.76572705    151.8600
        42   29513.7320     17180.3668  41.40306369   31.75588998    289.2300
        43   24618.0236     15325.4292  41.42520139   31.74471350    273.8700
        44   26299.2000     16113.9000  41.41763446   31.74942560    328.6200
        45   25840.3000     17354.7000  41.41963097   31.75694953    297.8000
        46   25343.8930     17549.3222  41.42182669   31.75817139    245.2300
        47   25074.4000     18041.4000  41.42306414   31.76110178    294.5200
        50   24846.4763     15864.9551  41.42417971   31.74796141    304.4900
        51   24514.1815     15160.7011  41.42565750   31.74372627    266.6600
        52   24773.2000     14294.4000  41.42451563   31.73850115    254.7500
        54   23276.8000     13313.3000  41.43117842   31.73268987    129.8700
        55   23147.5000     13536.9000  41.43175745   31.73404517    123.8800
        58   22352.3000     15261.8000  41.43519928   31.74453633     36.1200
        59   22018.3000     14868.0000  41.43672462   31.74216274     37.1300
        60   21713.0000     15267.5000  41.43809404   31.74456414     37.9900
        61   21230.1000     16399.0000  41.44023050   31.75140569     40.8300
        62   21164.8000     15956.1000  41.44053781   31.74873290     34.7900
        63   22413.2000     16034.8000  41.43490490   31.74920493     40.8100
        64   19856.4000     17778.7000  41.44650615   31.75962521    173.9200
        65   22557.4000     17583.3000  41.43422550   31.75853250     63.4100
        66   24113.2995     17415.4568  41.42729305   31.75744543    147.6000
        67   19954.8000     16826.2000  41.44597542   31.75398590     45.3300
        68   22585.5380     18542.2631  41.43405079   31.76435350     47.1900
        70   23983.1763     18650.7271  41.42790701   31.76482828    233.0700
        71   25600.0000     18268.0000  41.42070101   31.76243882    321.2800
        72   29465.2000     20826.2000  41.40317586   31.77787591    332.4200
        74   21319.6895     19053.2123  41.43989833   31.76727542    229.5800
        78   18262.3000     18071.8000  41.45360375   31.76147630     87.2000
        79   18159.2000     18762.0000  41.45403274   31.76565963     73.5100
        80   18510.6000     19598.7000  41.45243927   31.77070318     89.7600
        82   19234.3854     19195.7142  41.44925864   31.76819547    176.0200
        83   18292.3000     20977.1000  41.45332957   31.77907489     43.6000
        84   21198.5000     20073.6000  41.44047686   31.77339186    293.0200
        85   20755.3523     22223.4346  41.44226696   31.78650712    153.3700
        86   25546.1000     24806.0000  41.42060541   31.80204554    212.1200
        89   19468.9000     23291.5000  41.44793283   31.79307002     39.7000
        90   18769.7000     22700.7000  41.45110803   31.78948421     38.5000
        91   18338.3000     22576.5000  41.45306730   31.78874310     37.8600
        93   18894.7000     23644.1000  41.45051675   31.79519809     43.5000
        94   16907.1000     22998.8000  41.45955749   31.79125478     88.9200
        95   15868.9000     22619.3000  41.46422004   31.78898532     58.0200
        96   16841.7000     23830.7000  41.45984406   31.79626038    121.4600
        97   17939.2000     23160.1000  41.45490174   31.79221640    100.5700
        98   20986.7000     24001.3000  41.44106535   31.79734506     48.7300
       100   26421.2000     26701.9000  41.41673480   31.81335006    377.4300
       103   19894.8000     26827.5000  41.44589007   31.81445130     47.4400
       104   19652.5000     27821.8000  41.44694883   31.82045145     53.4800
       106   18615.8000     24659.6000  41.45173969   31.80134133     41.9300
       108   16962.2000     26481.0000  41.45931024   31.81217972    240.7500
       111   15165.1000     24917.8000  41.46735814   31.80285241    110.2100
       112   13973.9000     25837.6000  41.47264679   31.80846819     45.1100
       114    8558.0028     31421.9181  41.49687212   31.84227126     35.5500
       115    9576.1000     30480.1000  41.49231396   31.83657149     38.3400
       117   26647.1760      8370.9058  41.41620684   31.70281637    195.5300
       118   26057.6000     12962.6000  41.41875529   31.73048004    242.2300
       119   24887.7000     11423.9000  41.42390130   31.72134970     38.2000
       120   24575.7000     15394.5000  41.42539656   31.74512585    284.0100
       122   23856.7000     14113.5000  41.42860707   31.73746486    203.3800
       123   23883.6000     14316.0000  41.42848259   31.73867773    207.6500
       124   24344.6000     14449.3000  41.42643041   31.73945127    246.4200
       133   12619.8972     31733.3393  41.47869762   31.84397143    227.8400
       134   17826.6000     31587.3000  41.45530635   31.84297553    330.8400
       135   18575.0000     31679.2000  41.45183366   31.84361532    239.0300
       137   11088.0000     29744.1000  41.48555625   31.83207718     83.9600
       138   10864.6000     31414.4000  41.48651892   31.84216538     96.8800
       141   11735.4000     29785.5000  41.48270824   31.83225181    159.3400
       143   12557.8483     28321.2957  41.47896177   31.82347728     72.7500
       146   12759.2000     30587.8000  41.47798638   31.83718010     81.1200
       158   30851.7000     29052.4000  41.39670933   31.82744474    460.4900
       160   31963.6000     20995.7000  41.39195829   31.77882981    396.8200
       167   19235.7000     30331.9000  41.44876826   31.83560912     88.0900
       168   30216.9000     29865.7000  41.39960968   31.83231190    519.7700
       170   16030.8000     30090.5000  41.46352406   31.83386808    393.4800
       171   14160.2224     30338.5482  41.47176589   31.83557306    186.1900
       175   12832.4000     27544.8000  41.47777066   31.81876648     85.8700
       176   14030.8684     28506.0909  41.47242751   31.82446752    191.3400
       177   16854.7000     27770.4000  41.45976159   31.81996427    255.0800
       178   13986.7675     28085.0626  41.47259855   31.82197645    147.5800
       181   24397.8000     20300.7000  41.42584172   31.77493709     84.9600
       183   21017.5000     18515.1000  41.44133160   31.76399171    272.8300
       184   21736.6000     21885.4000  41.43792112   31.78439370    222.1400
       185   19346.3000     20274.6000  41.44872165   31.77470857    173.6800
       186   22067.0000     25211.6000  41.43616829   31.80463960     69.4600
       188   19043.8799     29480.3618  41.44966397   31.83046634     80.9200
       195    9846.2000     30196.0000  41.49110711   31.83485051     38.6800
       197   35070.1840       821.8624  41.37862915   31.65717279    356.1400
       199   34392.9025      3796.6209  41.38136742   31.67526915    128.5100
       205   35809.9000      6797.4000  41.37508739   31.69318565    359.0800
       207   36188.0000      6705.3000  41.37335946   31.69265744    322.5800
       209   32165.5526      7281.0585  41.39146982   31.69612938    319.6200
       211   33320.8926     10319.5745  41.38621840   31.71439863    393.6800
       214   32332.2129     16331.0708  41.39044974   31.75067915    373.9100
       216   35169.3000     14064.1000  41.37780277   31.73692888    451.6400
       218   38101.1000     11579.9000  41.36468484   31.72193626    466.6900
       220   35391.4000      9116.2000  41.37689611   31.70716014    363.0600
       221   37201.1000     10111.3000  41.36875558   31.71310926    413.8300
       223   35225.9000     25385.7000  41.37714703   31.80523054    492.1300
       224   35332.7380     22600.8994  41.37674873   31.78844352    468.5500
       227   39701.0000     17264.4000  41.35736571   31.75610558    584.5600
       228   37399.3249     15664.9190  41.36767776   31.74658327    439.4900
       230   38826.8000     21632.2000  41.36109464   31.78250526    543.8100
       234   39533.9000     36275.0000  41.35732336   31.87088745    602.9700
       237   37004.7000     38217.1000  41.36860527   31.88270767    548.2900
       238   33586.0000     39115.3000  41.38430296   31.88783735    866.6100
       239   38017.9000     31852.2000  41.36422612   31.84434026    441.9800
       244    4945.1936     39708.8722  41.51287608   31.89247532     40.3800
       246    6853.9661     38224.2872  41.50431243   31.88347354     40.1400
       247    6416.9317     38090.6758  41.50635799   31.88259589    107.1300
       248    7814.9546     34279.8301  41.50026495   31.85943733    194.7900
       249    7144.0000     37533.4000  41.50303497   31.87928625     42.8200
       250    6554.1059     37427.9531  41.50577313   31.87856287    129.7200
       251    8241.7330     35317.0964  41.49816778   31.86584667     48.8400
       252    7984.1000     36415.4000  41.49928408   31.87250945     44.5100
       255    8825.1000     38118.0000  41.49542244   31.88282740     43.1300
       258   30475.6179     30593.5783  41.39841231   31.83670577    533.6700
       259   30583.4343     28532.1273  41.39793064   31.82431209    445.1900
       260   29578.6013     26263.9089  41.40246951   31.81072698    336.9700
       261   30668.4310     25907.4002  41.39758578   31.80853646    373.8500
       262   30025.5000     23551.9000  41.40059059   31.79428982    384.7000
       263   30356.7763     19780.4545  41.39912659   31.77161862    256.2000
       266   28230.8000     39040.9000  41.40814125   31.88785766    476.4500
       268   21961.2000     33109.4000  41.43642301   31.85232725    163.8980
       269   23585.3000     36268.9000  41.42901729   31.87137791    227.9750
       271   11248.9245     34395.5335  41.48471193   31.86018457    136.6800
       272   10561.4000     32137.1000  41.48788601   31.84652384    122.5100
       273    9441.0456     33256.0265  41.49297979   31.85321477    211.6300
       274   10072.5000     33073.5000  41.49009419   31.85215844    167.4700
       275   10241.0000     32723.3000  41.48934389   31.85003946    164.3700
       276   10725.5000     32971.2000  41.48712660   31.85155881    137.9000
       278   13124.3649     39099.3655  41.47610344   31.88861942    191.2700
       289   29012.9000     35466.4000  41.40476080   31.86623008    475.0800
       292   29370.7000     33078.7000  41.40328610   31.85173783    518.9000
       293   12698.4000     33714.5000  41.47830950   31.85592977    269.9400
       294   11402.7000     32738.9000  41.48407589   31.85014866    134.9800
       299   16187.8000     33577.8000  41.46279248   31.85483993    519.2400
       300   14936.3462     38071.2437  41.46799041   31.88233535    228.6000
       302   32954.9000     34779.0000  41.38717728   31.86183431    681.7400
       304   34174.3000     30248.7000  41.38169847   31.83461780    495.2100
       305   23151.9000     38829.4000  41.43091955   31.88682466    280.5100
       306   31961.2016      7865.2908  41.39237128   31.69965148    317.5400
      1841   39860.2555      2124.3194  41.35701236   31.66500023    380.1800
      1871   37334.2000      1105.2000  41.36826905   31.65899359    197.5400
      1911   36689.9933      5728.2707  41.37103298   31.68683773    218.3500
      1941   39933.7142      6762.3618  41.35648813   31.69297304    346.2700
      2591    9372.0000     39797.0000  41.49296486   31.89291875    124.5400
      2601    8330.8000     39473.5000  41.49760556   31.89103896     45.9300
      2621    9909.4000     39056.5000  41.49049525   31.88850056     48.9800
      2631   11221.2000     36092.6000  41.48477374   31.87044949    150.1200