10098.5
11514.5
41.40653627
31.81153685
384.343
10098.5
11514.5
0.15605042
0.22405375
353.0
0.0004829051857676851
0.02088259499215975
-1.026817826203633
0.005757449519400794
0.001572464925001786
-8.041335574792024E-6
-5.495825117928429E-5
-0.001915830236641791
-0.0001431815474405134
-1.911608971744345E-8
3.791691272057707E-7
2.982823791054943E-6
-2.009166239873906E-5
-9.939009399585904E-10
2.96137516022198E-6
0.0002617476726955624
2.640436151089082E-8
-8.914707906960315E-8
-4.51772263691823E-6
-5.104287661788758E-11
1.0
7.986345337782933E-7
-4.139164375072385E-8
1.142920040928099E-8
-3.907479945153319E-7
3.846930478527711E-10
-4.083742866680068E-9
2.88025530684553E-8
1.507896998712068E-6
-1.518580574406816E-10
1.443695297396804E-10
-2.182017844646795E-10
-7.678558354169022E-8
1.1178189045437E-11
1.820860123914501E-8
-5.870683632814594E-10
2.583114976150682E-12
-1.784652242350824E-11
-1.105516511898342E-9
2.296948939229955E-13
-0.002979340922257461
1.004255275487582
7.645019972650457E-5
-0.001434667955808112
-0.002723564444542517
0.0005599295655601245
-0.0001164687856750393
0.002122571690047884
0.0002437680012876311
-6.929371687210032E-8
-2.09900555599421E-6
-4.129778027940083E-5
-3.35666544680633E-5
2.797650090868141E-7
0.000159647763124589
-8.935557641974797E-5
-7.234151442006758E-8
1.350412934809187E-6
1.664675894299991E-6
-2.191434704330142E-11
1.0
2.474495820654056E-8
1.449988749197187E-7
-3.687025768360203E-8
-6.775638279345032E-7
1.60088898412984E-7
-1.562524835864189E-7
2.267898736067301E-7
1.040487415284358E-6
-1.467589357484963E-9
-5.377111923077727E-9
-8.660670779632111E-10
1.580992605434257E-8
-2.030125234135328E-11
-7.27838245271151E-9
-2.559951655203342E-8
3.894573606678707E-11
4.993786147438183E-10
1.56397097980577E-9
-2.609075892963813E-12